[2026-03-23 09:56:41] 4, 16, 19, 24, 36, 39
[2026-03-23 09:57:00] 3, 7, 11, 19, 23, 35
[2026-03-23 10:31:27] 14, 18, 26, 28, 31, 38
[2026-03-23 10:39:57] 5, 7, 10, 33, 41, 43
[2026-03-23 18:44:04] 4, 11, 21, 22, 33, 34
[2026-03-23 18:44:24] 19, 26, 34, 38, 39, 44
[2026-04-03 18:55:19] 1, 7, 12, 21, 24, 44
[2026-04-03 18:56:08] 7, 10, 15, 16, 33, 44
[2026-04-03 19:03:59] 8, 12, 16, 24, 25, 32
[2026-04-03 19:04:12] 3, 17, 34, 36, 42, 44
[2026-04-03 19:05:18] 1, 3, 7, 22, 29, 44
[2026-04-03 19:05:30] 1, 3, 10, 12, 32, 34
[2026-04-03 19:06:28] 4, 15, 17, 19, 25, 34
[2026-04-03 19:10:47] 15, 21, 25, 34, 41, 43
[2026-04-04 16:01:18] 9, 23, 35, 39, 43, 45
[2026-04-04 16:17:42] 15, 18, 20, 29, 31, 35
[2026-04-06 12:26:11] 6, 7, 21, 25, 33, 36
[2026-04-06 12:27:41] 5, 15, 16, 22, 29, 40
[2026-04-06 12:42:19] 7, 10, 24, 31, 37, 39
[2026-04-06 13:00:02] 16, 18, 20, 36, 38, 39
[2026-04-06 13:00:36] 5, 15, 18, 26, 28, 39
[2026-04-06 13:09:51] 5, 9, 28, 38, 41, 43
[2026-04-06 13:10:38] 2, 3, 4, 9, 32, 40
[2026-04-06 13:14:24] 1, 8, 11, 17, 24, 45
[2026-04-06 13:15:01] 29, 35, 36, 37, 40, 42
[2026-04-06 13:41:41] 8, 21, 31, 36, 39, 41
[2026-04-06 13:42:10] 2, 10, 26, 28, 37, 40
[2026-04-08 14:54:43] 9, 10, 15, 22, 27, 28
[2026-04-08 15:19:25] 6, 9, 11, 13, 19, 29
[2026-04-08 15:19:57] 8, 9, 12, 22, 26, 41
[2026-04-08 15:42:45] 2, 26, 34, 40, 43, 45
[2026-04-08 16:10:00] 18, 19, 20, 43, 44, 45
[2026-04-08 16:22:57] 18, 19, 20, 43, 44, 45
[2026-04-08 16:24:57] 18, 19, 20, 43, 44, 45
[2026-04-08 16:26:38] 9, 10, 20, 22, 25, 43
[2026-04-08 16:30:07] 14, 18, 21, 23, 37, 41
[2026-04-09 13:07:15] 4, 17, 18, 34, 37, 45
[2026-04-09 13:08:09] 2, 11, 12, 24, 25, 42
[2026-04-09 13:12:42] 1, 17, 29, 32, 34, 37
[2026-04-09 13:24:18] 1, 2, 22, 25, 32, 33
[2026-04-09 13:30:40] 5, 6, 17, 23, 32, 36
[2026-04-09 13:30:55] 2, 10, 14, 22, 39, 41
[2026-04-09 13:31:08] 20, 21, 22, 26, 28, 30
[2026-04-09 13:34:07] 1, 13, 17, 18, 34, 38
[2026-04-09 13:34:24] 4, 6, 17, 32, 37, 41
